018981 1.279637 103.854149
038983 1.295968 103.858967
039393 1.292009 103.85588
048423 1.283384 103.846868
048424 1.282132 103.848925
048581 1.281304 103.850834
048621 1.283847 103.852123
048692 1.284972 103.849975
048979 1.283915 103.850606
049145 1.28566 103.847861
049315 1.283028 103.852016
049317 1.283529 103.852003
058826 1.281778 103.845235
068809 1.276805 103.848363
069532 1.281143 103.848965
079120 1.273044 103.844893
082001 1.27573 103.842833
089058 1.272967 103.8421539
098633 1.265267 103.818927
100061 1.275817 103.811679
100077 1.273906 103.808521
100108 1.2812349 103.8103409
101078 1.273512 103.8090239
102078 1.273562 103.808121
109684 1.28199 103.803049
119963 1.273673 103.801381
119967 1.277325 103.800274
120352 1.314595 103.77153
120378 1.3176349 103.767364
120446 1.312444 103.764777
120450 1.313578 103.765368
120501 1.311289 103.758457
120517 1.307477 103.76011
120722 1.302909 103.763786
120725 1.303542 103.763715
121420 1.309752 103.768627
127371 1.303843 103.766292
129905 1.311933 103.765083
130028 1.304381 103.781952
131019 1.307379 103.784569
138588 1.3066305 103.7910604
138632 1.299622 103.787656
138639 1.30528 103.788392
139961 1.296167 103.787009
140158 1.292684 103.802744
140171 1.290675 103.8037389
143039 1.297621 103.798852
150001 1.28649 103.8081
150059 1.288783 103.814348
150114 1.286364 103.822283
150163 1.284152 103.816987
150165 1.28344 103.816199
159963 1.284818 103.802355
160022 1.288768 103.828705
160111 1.2799179 103.8263599
160126 1.282525 103.8295009
160149 1.277358 103.831752
164018 1.28568 103.826718
178901 1.296653 103.8505969
179103 1.294149 103.852807
180231 1.297105 103.853681
188979 1.300405 103.852241
199001 1.302832 103.861969
199018 1.303499 103.861257
200803 1.307798 103.8608749
208539 1.311403 103.85662
209562 1.309344 103.854667
210668 1.307745 103.851086
228796 1.301793 103.840857
237994 1.293984 103.832088
238459 1.298048 103.844577
238859 1.30451 103.836184
238874 1.302707 103.834289
238881 1.3052919 103.830378
239553 1.2979989 103.838721
239917 1.292157 103.842684
239924 1.298146 103.8441579
248327 1.294531 103.828001
258748 1.322372 103.81374
260008 1.317179 103.806296
270025 1.3081449 103.786252
270041 1.307571 103.793427
276696 1.316644 103.7789729
307506 1.321061 103.844476
310047 1.336919 103.853967
310070 1.334824 103.852258
310094 1.338881 103.849803
310095 1.338873 103.848997
310125 1.338334 103.845538
310126 1.337869 103.845235
310150 1.3339589 103.844393
310190 1.332654 103.84942
310211 1.340617 103.853781
310500 1.333005 103.847064
313085 1.336315 103.847346
320087 1.323282 103.855666
322101 1.319673 103.861129
330047 1.323265 103.866596
330057 1.322958 103.869896
330066 1.320065 103.869493
338812 1.315032 103.85963
360005 1.334119 103.879544
360081 1.332396 103.885867
367874 1.33312 103.878583
370088 1.323564 103.88585
380048 1.317613 103.8793589
380053 1.317801 103.880004
380095 1.321563 103.886362
389381 1.31291 103.88136
389452 1.313612 103.884985
390039 1.307846 103.884919
397693 1.3023579 103.876445
400304 1.329443 103.901257
400325 1.3276889 103.903984
401001 1.321389 103.902556
408564 1.326293 103.896145
409051 1.318938 103.8926112
410652 1.3325959 103.907832
419773 1.31809 103.907292
423858 1.309645 103.911998
437844 1.303746 103.901182
440057 1.306489 103.9154159
440058 1.306093 103.9137329
440059 1.30588 103.914506
440081 1.30286 103.907111
440086 1.301492 103.906681
440087 1.302638 103.905569
449290 1.310052 103.932002
455297 1.313281 103.92879
459059 1.311679 103.92209
459108 1.312499 103.924427
460017 1.320175 103.935554
460018 1.320332 103.934572
460055 1.3265769 103.919335
460123 1.329592 103.937359
460218 1.3274919 103.933686
460219 1.324961 103.932968
460412 1.330059 103.930712
460416 1.328566 103.930534
460531 1.333222 103.926193
460537 1.331769 103.9242529
461020 1.32635 103.922814
461025 1.323408 103.924153
461059 1.324047 103.940685
462025 1.323454 103.9334499
467010 1.327006 103.924472
468332 1.323354 103.945972
469994 1.312213 103.940144
470632 1.332034 103.91397
470704 1.33634 103.920056
507665 1.360185 103.970227
510221 1.37026 103.961361
510442 1.36892 103.95797
510446 1.3703669 103.957523
510739 1.378544 103.936837
520139 1.34669 103.956506
520267 1.350829 103.949236
520282 1.347726 103.952356
520419 1.357849 103.9466659
520445 1.358201 103.950588
520462 1.358975 103.954987
520476 1.361002 103.953814
520482 1.361307 103.952521
520484 1.361307 103.952521
520505 1.355612 103.945002
520717 1.358856 103.935075
520801 1.34703 103.937957
520802 1.346069 103.938108
520825 1.349394 103.932742
520827 1.349652 103.933901
520844 1.352108 103.936474
521138 1.345799 103.945616
521139 1.346653 103.944868
521450 1.358327 103.952125
521866 1.355507 103.934462
522486 1.358862 103.957316
529482 1.353247 103.942273
529536 1.354396 103.945206
529538 1.353448 103.945119
529888 1.342977 103.953583
530104 1.354793 103.890305
530106 1.353777 103.890572
530204 1.358853 103.884919
530311 1.365636 103.894723
530327 1.368256 103.8961549
530449 1.378798 103.895177
530523 1.3737299 103.890519
530620 1.370154 103.883778
530644 1.37148 103.881255
530681 1.373235 103.886822
530684 1.373235 103.886822
530804 1.370936 103.894571
530810 1.3716219 103.893653
530916 1.374913 103.884238
531002 1.3506689 103.875584
534767 1.363024 103.888502
534844 1.338801 103.8861639
538692 1.376022 103.879482
539945 1.342749 103.900239
540303 1.387447 103.890621
541182 1.390561 103.908568
541297 1.394859 103.900273
545082 1.392002 103.904984
550151 1.36926 103.874318
550152 1.369405 103.872572
550153 1.369972 103.872411
550237 1.354141 103.870085
550262 1.353266 103.8721149
555955 1.3637729 103.865675
555980 1.364134 103.864886
557265 1.365112 103.866158
560128 1.370836 103.8435669
560133 1.371135 103.842662
560157 1.37526 103.839382
560302 1.3671819 103.845533
560338 1.363639 103.8487619
560416 1.3645799 103.854932
560529 1.372526 103.855671
560555 1.3712 103.857102
560629 1.380134 103.839797
560632 1.379999 103.841406
560721 1.372561 103.847542
563316 1.3648309 103.847772
569876 1.377057 103.86546
570152 1.345631 103.854692
570283 1.358924 103.844074
570403 1.362925 103.833429
570501 1.348388 103.849097
570503 1.349031 103.848046
574365 1.353066 103.8349099
575585 1.352852 103.836423
577552 1.371664 103.829143
588173 1.340902 103.775963
588177 1.34234 103.776131
598586 1.340323 103.773689
600061 1.322074 103.738573
600130 1.334713 103.739339
600134 1.334023 103.738849
600249 1.342524 103.739203
608596 1.336506 103.751747
610064 1.332381 103.722449
610152 1.327113 103.720614
610399 1.3347739 103.721053
628909 1.328754 103.69351
639801 1.345568 103.682602
640221 1.346517 103.712422
640276 1.35363 103.703748
640463 1.350593 103.723121
640492 1.350203 103.724268
640501 1.350092 103.719126
640517 1.345807 103.719694
640526 1.347625 103.717001
640651 1.337112 103.697111
640725 1.345407 103.697774
640728 1.346056 103.697944
640762 1.349156 103.698195
640959 1.341514 103.690502
648886 1.339874 103.706464
649845 1.344394 103.720999
650164 1.347764 103.742555
650207 1.3462209 103.749347
650213 1.346886 103.752431
650280 1.347743 103.757137
650283 1.3472519 103.757493
650630 1.349812 103.7499349
650633 1.349213 103.7510269
654289 1.3442639 103.759165
658713 1.349649 103.749107
670103 1.378629 103.768434
670416 1.383225 103.7683349
677899 1.37978 103.760383
680018 1.378346 103.754037
680026 1.377558 103.755584
680137 1.380057 103.752243
680145 1.381209 103.752293
680235 1.379759 103.748745
680253 1.377542 103.744413
680304 1.38426 103.743096
680475 1.377746 103.73862
680533 1.392015 103.743131
680534 1.392074 103.742507
730018 1.443049 103.777685
730111 1.437911 103.78198
730210 1.446698 103.773833
730768 1.445962 103.798159
730883 1.442756 103.790708
731689 1.444459 103.807895
732570 1.430924 103.790837
739065 1.428724 103.781141
750511 1.453736 103.819382
759775 1.449009 103.819791
760103 1.431578 103.828487
760160 1.432499 103.833132
760173 1.43708 103.830921
760293 1.436379 103.837894
760604 1.4217979 103.835421
760664 1.420297 103.841045
760743 1.42994 103.833502
760744 1.429206 103.833876
760747 1.428283 103.833404
760807 1.4168099 103.831389
760846 1.416772 103.834277
760935 1.425375 103.8365139
761701 1.4299519 103.827832
793405 1.389259 103.873532
799453 1.396057 103.872912
821615 1.402966 103.910372
823273 1.402247 103.901371
